0 0.328313 0.990964 0.0662651 0.0180723 0.10006
0 0.210843 0.990964 0.0361446 0.0180723 0.100802
0 0.129518 0.957831 0.0421687 0.0240964 0.101126
0 0.786145 0.400602 0.0301205 0.0421687 0.102577
0 0.436747 0.98494 0.0662651 0.0301205 0.103398
0 0.822289 0.674699 0.0421687 0.0481928 0.103873
0 0.891566 0.945783 0.0240964 0.0481928 0.104482
0 0.268072 0.581325 0.0301205 0.0301205 0.105347
0 0.930723 0.0692771 0.10241 0.114458 0.105367
0 0.614458 0.00903614 0.0361446 0.0180723 0.106641
0 0.96988 0.225904 0.0240964 0.0421687 0.106995
0 0.454819 0.695783 0.0301205 0.0301205 0.107128
0 0.88253 0.740964 0.0301205 0.0361446 0.108887
0 0.0120482 0.900602 0.0240964 0.0301205 0.109853
0 0.0120482 0.46988 0.0240964 0.0722892 0.110396
0 0.207831 0.370482 0.0301205 0.0301205 0.111357
0 0.454819 0.740964 0.0180723 0.0240964 0.111397
0 0.536145 0.0813253 0.0361446 0.0662651 0.112206
0 0.442771 0.891566 0.0301205 0.0240964 0.114664
0 0.0120482 0.0120482 0.0120482 0.0240964 0.114831
0 0.879518 0.388554 0.0481928 0.0542169 0.115933
0 0.00903614 0.650602 0.0180723 0.060241 0.116601
0 0.433735 0.759036 0.0240964 0.0240964 0.118003
0 0.966867 0.966867 0.0542169 0.0542169 0.118393
0 0.64759 0.990964 0.0421687 0.0180723 0.120374
0 0.0120482 0.807229 0.0240964 0.0240964 0.121537
0 0.0150602 0.725904 0.0301205 0.0542169 0.121747
0 0.0481928 0.858434 0.0361446 0.0301205 0.121769
0 0.0150602 0.864458 0.0301205 0.0301205 0.123956
0 0.114458 0.503012 0.0843373 0.0421687 0.124154
0 0.566265 0.981928 0.060241 0.0361446 0.126725
0 0.966867 0.783133 0.0542169 0.0481928 0.129934
0 0.792169 0.728916 0.0301205 0.0240964 0.130865
0 0.00903614 0.78012 0.0180723 0.0301205 0.13168
0 0.38253 0.442771 0.0421687 0.0301205 0.132722
0 0.713855 0.837349 0.0542169 0.060241 0.13345
0 0.421687 0.439759 0.0361446 0.0361446 0.133457
0 0.355422 0.063253 0.0361446 0.0421687 0.138481
0 0.73494 0.560241 0.0481928 0.0361446 0.138696
0 0.527108 0.186747 0.0421687 0.060241 0.140239
0 0.23494 0.548193 0.0240964 0.0361446 0.141919
0 0.743976 0.487952 0.0421687 0.0361446 0.142389
0 0.78012 0.891566 0.0662651 0.0240964 0.143966
0 0.240964 0.0120482 0.0240964 0.0240964 0.144118
0 0.0391566 0.135542 0.0301205 0.0301205 0.144417
0 0.412651 0.53012 0.0421687 0.0481928 0.146674
0 0.135542 0.00903614 0.0301205 0.0180723 0.146798
0 0.243976 0.26506 0.0301205 0.0240964 0.147137
0 0.506024 0.563253 0.0240964 0.0301205 0.148882
0 0.536145 0.506024 0.0240964 0.0240964 0.150773
0 0.35241 0.572289 0.0301205 0.0361446 0.15084
0 0.518072 0.268072 0.0361446 0.0301205 0.151536
0 0.725904 0.349398 0.0542169 0.0361446 0.155945
0 0.837349 0.855422 0.0481928 0.060241 0.157074
0 0.168675 0.64759 0.060241 0.0421687 0.159854
0 0.316265 0.286145 0.0301205 0.0301205 0.159961
0 0.0481928 0.436747 0.0481928 0.0421687 0.16267
0 0.590361 0.548193 0.0361446 0.0361446 0.168288
0 0.557229 0.73494 0.0301205 0.0361446 0.172498
0 0.695783 0.924699 0.0301205 0.0301205 0.173552
0 0.268072 0.638554 0.0301205 0.0240964 0.174633
0 0.183735 0.00903614 0.0421687 0.0180723 0.174958
0 0.707831 0.635542 0.0301205 0.0301205 0.185007
0 0.659639 0.406626 0.0301205 0.0542169 0.185363
0 0.0150602 0.96988 0.0301205 0.0481928 0.186293
0 0.240964 0.493976 0.0361446 0.0361446 0.189289
0 0.557229 0.689759 0.0301205 0.0301205 0.192429
0 0.0210843 0.0843373 0.0421687 0.060241 0.194111
0 0.954819 0.906627 0.0421687 0.0301205 0.197129
0 0.611446 0.361446 0.0301205 0.0361446 0.199327
0 0.448795 0.0361446 0.0662651 0.0361446 0.200935
0 0.256024 0.337349 0.0301205 0.0240964 0.202458
0 0.0722892 0.388554 0.0481928 0.0301205 0.202822
0 0.71988 0.403614 0.0421687 0.0361446 0.202968
0 0.722892 0.762048 0.0481928 0.0421687 0.206457
0 0.186747 0.246988 0.0361446 0.0240964 0.206475
0 0.379518 0.23494 0.0361446 0.0240964 0.209455
0 0.313253 0.457831 0.0481928 0.0240964 0.209594
0 0.518072 0.837349 0.0361446 0.0240964 0.215846
0 0.0361446 0.00903614 0.0240964 0.0180723 0.231976
0 0.51506 0.786145 0.0301205 0.0301205 0.235582
0 0.662651 0.626506 0.0481928 0.0481928 0.239904
0 0.14759 0.593373 0.0783133 0.0662651 0.241058
0 0.111446 0.668675 0.0421687 0.0361446 0.247385
0 0.313253 0.105422 0.0722892 0.0301205 0.253717
0 0.388554 0.626506 0.0903614 0.0722892 0.260714
0 0.0903614 0.78012 0.0361446 0.0301205 0.261226
0 0.358434 0.192771 0.0421687 0.0481928 0.263705
0 0.837349 0.777108 0.0240964 0.0481928 0.270223
0 0.509036 0.337349 0.0421687 0.0481928 0.279175
0 0.370482 0.0150602 0.0662651 0.0301205 0.290486
0 0.0572289 0.909639 0.0542169 0.0361446 0.292881
0 0.23494 0.406626 0.060241 0.0421687 0.296687
0 0.385542 0.406626 0.0361446 0.0301205 0.300045
0 0.593373 0.433735 0.0301205 0.0361446 0.310364
0 0.415663 0.129518 0.0361446 0.0301205 0.312622
0 0.810241 0.930723 0.0421687 0.0301205 0.314528
0 0.26506 0.304217 0.0361446 0.0301205 0.332057
0 0.963855 0.86747 0.0481928 0.0240964 0.340861
0 0.677711 0.716867 0.0421687 0.060241 0.349142
0 0.557229 0.39759 0.0301205 0.0481928 0.356891
0 0.635542 0.563253 0.0421687 0.0421687 0.361342
0 0.659639 0.53012 0.0421687 0.0240964 0.365892
0 0.183735 0.795181 0.0301205 0.0481928 0.384665
0 0.740964 0.680723 0.0361446 0.0361446 0.385184
0 0.388554 0.316265 0.0542169 0.0301205 0.387487
0 0.587349 0.692771 0.0301205 0.0481928 0.409516
0 0.810241 0.972892 0.0421687 0.0421687 0.420416
0 0.183735 0.174699 0.0542169 0.0481928 0.433608
0 0.168675 0.0783133 0.0481928 0.0361446 0.44171
0 0.0391566 0.319277 0.0421687 0.0361446 0.494673
0 0.210843 0.11747 0.060241 0.0301205 0.511368
0 0.572289 0.599398 0.060241 0.0421687 0.515452
0 0.659639 0.490964 0.0542169 0.0301205 0.518171
0 0.355422 0.358434 0.0843373 0.0301205 0.569501
0 0.445783 0.26506 0.0361446 0.0481928 0.623184
0 0.0361446 0.213855 0.0481928 0.0542169 0.717406
