0 0.875 0.86875 0.025 0.025 0.101809
0 0.0125 0.2875 0.025 0.0375 0.107271
0 0.215625 0.403125 0.10625 0.03125 0.108366
0 0.878125 0.334375 0.08125 0.04375 0.109141
0 0.184375 0.634375 0.03125 0.08125 0.110737
0 0.4875 0.990625 0.0375 0.01875 0.110854
0 0.453125 0.39375 0.04375 0.0375 0.116478
0 0.478125 0.253125 0.06875 0.04375 0.120231
0 0.61875 0.1375 0.05 0.025 0.122065
0 0.5625 0.5 0.0375 0.0375 0.122993
0 0.08125 0.359375 0.0625 0.09375 0.123525
0 0.265625 0.509375 0.03125 0.03125 0.12606
0 0.05 0.20625 0.05 0.0875 0.127159
0 0.690625 0.96875 0.03125 0.05 0.127981
0 0.009375 0.371875 0.01875 0.03125 0.131659
0 0.259375 0.0125 0.04375 0.025 0.13306
0 0.5375 0.20625 0.05 0.0375 0.134135
0 0.9875 0.446875 0.025 0.03125 0.135718
0 0.4375 0.528125 0.025 0.03125 0.139219
0 0.340625 0.078125 0.04375 0.03125 0.141977
0 0.409375 0.5125 0.03125 0.0375 0.14567
0 0.971875 0.35625 0.04375 0.0875 0.146743
0 0.521875 0.33125 0.04375 0.0375 0.146995
0 0.5625 0.078125 0.0375 0.04375 0.148616
0 0.0375 0.04375 0.0375 0.0375 0.151723
0 0.265625 0.7125 0.04375 0.0375 0.154509
0 0.9375 0.9125 0.0375 0.025 0.158859
0 0.565625 0.28125 0.03125 0.0375 0.158871
0 0.515625 0.790625 0.03125 0.05625 0.16437
0 0.921875 0.98125 0.03125 0.0375 0.16836
0 0.690625 0.43125 0.03125 0.0375 0.168929
0 0.009375 0.125 0.01875 0.0375 0.171787
0 0.009375 0.0625 0.01875 0.0375 0.17238
0 0.3375 0.728125 0.0375 0.03125 0.177075
0 0.965625 0.746875 0.06875 0.04375 0.180469
0 0.1375 0.625 0.05 0.05 0.183716
0 0.690625 0.759375 0.03125 0.05625 0.184174
0 0.334375 0.021875 0.04375 0.04375 0.185309
0 0.4625 0.040625 0.0625 0.08125 0.188404
0 0.509375 0.415625 0.03125 0.05625 0.189218
0 0.134375 0.69375 0.04375 0.0375 0.192947
0 0.515625 0.15 0.05625 0.0375 0.199397
0 0.925 0.8 0.0625 0.025 0.206282
0 0.628125 0.18125 0.06875 0.025 0.20733
0 0.81875 0.078125 0.05 0.03125 0.212315
0 0.0375 0.009375 0.0375 0.01875 0.212333
0 0.65625 0.03125 0.075 0.0375 0.2156
0 0.196875 0.334375 0.06875 0.03125 0.217616
0 0.375 0.434375 0.05 0.05625 0.239405
0 0.378125 0.275 0.10625 0.15 0.23976
0 0.56875 0.76875 0.025 0.075 0.24249
0 0.0125 0.69375 0.025 0.0625 0.253161
0 0.3375 0.9875 0.0625 0.025 0.262516
0 0.43125 0.753125 0.025 0.04375 0.264548
0 0.34375 0.121875 0.0625 0.04375 0.265382
0 0.940625 0.184375 0.03125 0.05625 0.274114
0 0.334375 0.521875 0.03125 0.03125 0.278457
0 0.325 0.634375 0.025 0.05625 0.280586
0 0.4875 0.853125 0.025 0.04375 0.287124
0 0.48125 0.525 0.025 0.0375 0.315176
0 0.271875 0.5625 0.03125 0.0625 0.320841
0 0.0375 0.503125 0.0625 0.04375 0.331816
0 0.6875 0.596875 0.025 0.05625 0.337767
0 0.83125 0.5125 0.0375 0.1 0.344928
0 0.425 0.625 0.0375 0.0625 0.365027
0 0.365625 0.840625 0.03125 0.05625 0.374051
0 0.51875 0.89375 0.025 0.0625 0.380883
0 0.6375 0.653125 0.025 0.05625 0.416396
0 0.74375 0.31875 0.025 0.05 0.440951
0 0.2875 0.778125 0.025 0.06875 0.469191
0 0.33125 0.41875 0.0375 0.0625 0.512356
