0 0.879518 0.0210843 0.0240964 0.0301205 0.100789
0 0.611446 0.108434 0.0421687 0.0481928 0.1017
0 0.73494 0.0542169 0.0481928 0.0361446 0.102007
0 0.731928 0.503012 0.0301205 0.0421687 0.103284
0 0.216867 0.840361 0.0240964 0.0301205 0.106496
0 0.325301 0.39759 0.0361446 0.0722892 0.106556
0 0.671687 0.060241 0.0421687 0.0240964 0.107133
0 0.53012 0.364458 0.0240964 0.0301205 0.108188
0 0.966867 0.560241 0.0421687 0.0361446 0.109141
0 0.620482 0.156627 0.0240964 0.0240964 0.109622
0 0.945783 0.930723 0.0240964 0.0301205 0.109644
0 0.686747 0.0120482 0.0361446 0.0240964 0.110238
0 0.231928 0.114458 0.0542169 0.0481928 0.111542
0 0.120482 0.10241 0.0361446 0.0361446 0.111813
0 0.76506 0.509036 0.0240964 0.0301205 0.111818
0 0.457831 0.987952 0.0361446 0.0240964 0.113103
0 0.159639 0.804217 0.0301205 0.0301205 0.11334
0 0.00903614 0.795181 0.0180723 0.0361446 0.116917
0 0.78012 0.0120482 0.0301205 0.0240964 0.122545
0 0.786145 0.560241 0.0421687 0.0361446 0.122839
0 0.334337 0.271084 0.0301205 0.0240964 0.127838
0 0.918675 0.557229 0.0301205 0.0301205 0.129342
0 0.063253 0.189759 0.0301205 0.0301205 0.13
0 0.963855 0.0331325 0.060241 0.0662651 0.13124
0 0.960843 0.433735 0.0301205 0.0240964 0.131761
0 0.162651 0.0180723 0.0481928 0.0361446 0.136063
0 0.536145 0.0150602 0.0361446 0.0301205 0.13848
0 0.35241 0.0692771 0.0301205 0.0301205 0.139732
0 0.26506 0.53012 0.0240964 0.0240964 0.140336
0 0.981928 0.135542 0.0361446 0.0421687 0.142342
0 0.804217 0.331325 0.0301205 0.0240964 0.143073
0 0.981928 0.686747 0.0361446 0.0361446 0.146347
0 0.412651 0.11747 0.0301205 0.0542169 0.146525
0 0.111446 0.237952 0.0180723 0.0301205 0.150648
0 0.295181 0.177711 0.0240964 0.0301205 0.153297
0 0.0873494 0.789157 0.0301205 0.0240964 0.153349
0 0.00903614 0.0120482 0.0180723 0.0240964 0.154576
0 0.0873494 0.0933735 0.0301205 0.0301205 0.155966
0 0.73494 0.0150602 0.060241 0.0301205 0.156084
0 0.542169 0.804217 0.0481928 0.0301205 0.156843
0 0.885542 0.262048 0.0361446 0.0301205 0.15728
0 0.144578 0.26506 0.0361446 0.0361446 0.15852
0 0.885542 0.493976 0.0481928 0.0481928 0.161207
0 0.960843 0.509036 0.0301205 0.0421687 0.162226
0 0.713855 0.689759 0.0301205 0.0301205 0.162776
0 0.463855 0.629518 0.0361446 0.0421687 0.164307
0 0.0903614 0.364458 0.0240964 0.0301205 0.164313
0 0.674699 0.183735 0.0481928 0.0542169 0.16574
0 0.328313 0.990964 0.0542169 0.0180723 0.166373
0 0.560241 0.111446 0.0361446 0.0421687 0.169747
0 0.990964 0.334337 0.0180723 0.0301205 0.170006
0 0.888554 0.135542 0.0301205 0.0301205 0.177382
0 0.162651 0.665663 0.0240964 0.0301205 0.179871
0 0.493976 0.165663 0.0240964 0.0542169 0.182848
0 0.762048 0.225904 0.0301205 0.0421687 0.186739
0 0.789157 0.0873494 0.060241 0.0542169 0.187258
0 0.0421687 0.0813253 0.060241 0.0421687 0.190094
0 0.0120482 0.13253 0.0240964 0.0481928 0.192267
0 0.289157 0.593373 0.0361446 0.0301205 0.193472
0 0.189759 0.108434 0.0301205 0.0361446 0.194224
0 0.584337 0.159639 0.0240964 0.0421687 0.198502
0 0.665663 0.123494 0.0542169 0.0662651 0.199478
0 0.36747 0.340361 0.0240964 0.0421687 0.199548
0 0.460843 0.509036 0.0301205 0.0301205 0.202526
0 0.789157 0.376506 0.0361446 0.0301205 0.202898
0 0.608434 0.0542169 0.0481928 0.0361446 0.20545
0 0.0662651 0.987952 0.0481928 0.0240964 0.207015
0 0.569277 0.343374 0.0301205 0.0361446 0.207975
0 0.665663 0.307229 0.0301205 0.0481928 0.212276
0 0.581325 0.26506 0.0783133 0.0240964 0.216417
0 0.439759 0.195783 0.0240964 0.0421687 0.221629
0 0.885542 0.319277 0.060241 0.0361446 0.226745
0 0.186747 0.207831 0.0361446 0.0301205 0.229455
0 0.813253 0.195783 0.0481928 0.0421687 0.229858
0 0.433735 0.388554 0.0361446 0.0542169 0.233606
0 0.26506 0.804217 0.0481928 0.0301205 0.234065
0 0.876506 0.36747 0.0180723 0.0361446 0.241445
0 0.843373 0.111446 0.0361446 0.0301205 0.246821
0 0.620482 0.222892 0.0361446 0.0240964 0.253666
0 0.463855 0.186747 0.0240964 0.0481928 0.262872
0 0.186747 0.36747 0.0240964 0.0481928 0.267635
0 0.509036 0.319277 0.0301205 0.0481928 0.301399
0 0.716867 0.108434 0.0361446 0.060241 0.310196
0 0.731928 0.445783 0.0421687 0.0361446 0.313551
0 0.963855 0.313253 0.0361446 0.0361446 0.314431
0 0.786145 0.448795 0.0301205 0.0421687 0.315109
0 0.48494 0.0993976 0.0301205 0.0783133 0.330628
0 0.292169 0.108434 0.0301205 0.060241 0.340932
0 0.918675 0.231928 0.0301205 0.0301205 0.342728
0 0.891566 0.183735 0.0481928 0.0542169 0.356643
0 0.722892 0.259036 0.0361446 0.0240964 0.358461
0 0.963855 0.78012 0.0361446 0.0421687 0.381041
0 0.204819 0.0210843 0.0240964 0.0421687 0.383036
0 0.210843 0.912651 0.0240964 0.0301205 0.384024
0 0.73494 0.364458 0.0361446 0.0662651 0.391469
0 0.436747 0.894578 0.0421687 0.0662651 0.395008
0 0.313253 0.23494 0.0481928 0.0240964 0.402551
0 0.183735 0.274096 0.0301205 0.0421687 0.407591
0 0.316265 0.322289 0.0421687 0.0542169 0.407951
0 0.361446 0.240964 0.0240964 0.0481928 0.409846
0 0.0933735 0.421687 0.0301205 0.0361446 0.411351
0 0.837349 0.415663 0.0361446 0.0481928 0.411618
0 0.346386 0.126506 0.0421687 0.0481928 0.412729
0 0.496988 0.804217 0.0301205 0.0421687 0.425997
0 0.256024 0.379518 0.0421687 0.0481928 0.440448
0 0.0873494 0.831325 0.0301205 0.0481928 0.448078
0 0.957831 0.253012 0.0240964 0.0722892 0.478353
0 0.331325 0.771084 0.0843373 0.0481928 0.488951
0 0.38253 0.638554 0.10241 0.0843373 0.494599
0 0.759036 0.64759 0.0361446 0.0542169 0.500569
0 0.683735 0.48494 0.0542169 0.150602 0.536583
0 0.533133 0.843373 0.0421687 0.0361446 0.551484
0 0.608434 0.38253 0.0240964 0.0662651 0.555299
0 0.864458 0.903614 0.0301205 0.060241 0.555607
0 0.584337 0.73494 0.0481928 0.060241 0.564952
0 0.662651 0.626506 0.0481928 0.060241 0.578572
0 0.237952 0.292169 0.0301205 0.0421687 0.594064
0 0.906627 0.418675 0.0421687 0.0542169 0.606575
0 0.340361 0.472892 0.0542169 0.0542169 0.615188
