0 0.990625 0.7125 0.01875 0.05 0.100139
0 0.165625 0.034375 0.04375 0.05625 0.101107
0 0.584375 0.378125 0.05625 0.10625 0.101825
0 0.759375 0.24375 0.03125 0.05 0.102359
0 0.33125 0.23125 0.1125 0.0625 0.108614
0 0.478125 0.034375 0.03125 0.03125 0.110035
0 0.41875 0.1625 0.1 0.0625 0.115891
0 0.684375 0.3 0.03125 0.0375 0.120851
0 0.21875 0.24375 0.0375 0.0375 0.123976
0 0.628125 0.0125 0.03125 0.025 0.124609
0 0.834375 0.984375 0.04375 0.03125 0.126609
0 0.3125 0.66875 0.025 0.05 0.128894
0 0.26875 0.06875 0.0375 0.05 0.129188
0 0.7375 0.009375 0.0375 0.01875 0.129344
0 0.63125 0.596875 0.05 0.04375 0.129626
0 0.896875 0.9125 0.03125 0.0625 0.131105
0 0.984375 0.51875 0.03125 0.0375 0.132659
0 0.403125 0.9875 0.08125 0.025 0.134344
0 0.01875 0.421875 0.0375 0.15625 0.135966
0 0.109375 0.35625 0.05625 0.0375 0.138146
0 0.384375 0.684375 0.03125 0.05625 0.140288
0 0.53125 0.653125 0.0625 0.04375 0.141619
0 0.3875 0.00625 0.0375 0.0125 0.141678
0 0.040625 0.534375 0.03125 0.05625 0.144178
0 0.196875 0.8125 0.03125 0.05 0.145579
0 0.29375 0.015625 0.0375 0.03125 0.146748
0 0.684375 0.034375 0.04375 0.03125 0.146798
0 0.5875 0.0125 0.0375 0.025 0.14809
0 0.990625 0.975 0.01875 0.05 0.14819
0 0.6875 0.00625 0.0375 0.0125 0.148274
0 0.440625 0.4 0.03125 0.0375 0.150309
0 0.95 0.484375 0.0375 0.05625 0.151845
0 0.5125 0.1375 0.0375 0.0375 0.153157
0 0.734375 0.740625 0.03125 0.04375 0.163913
0 0.73125 0.084375 0.0375 0.03125 0.17202
0 0.3625 0.59375 0.0375 0.0375 0.173019
0 0.01875 0.009375 0.0375 0.01875 0.173344
0 0.725 0.3 0.0375 0.0375 0.176001
0 0.4875 0.8625 0.025 0.0375 0.178107
0 0.259375 0.775 0.04375 0.0625 0.178119
0 0.809375 0.528125 0.05625 0.05625 0.181056
0 0.6375 0.2875 0.025 0.0375 0.185416
0 0.478125 0.271875 0.16875 0.11875 0.18747
0 0.665625 0.240625 0.03125 0.04375 0.191942
0 0.334375 0.009375 0.03125 0.01875 0.192268
0 0.878125 0.5 0.05625 0.0625 0.196287
0 0.70625 0.5125 0.05 0.0875 0.199296
0 0.9125 0.609375 0.0375 0.08125 0.203187
0 0.090625 0.64375 0.04375 0.075 0.205179
0 0.7875 0.375 0.0625 0.0375 0.206323
0 0.509375 0.740625 0.03125 0.08125 0.207625
0 0.584375 0.8625 0.03125 0.05 0.207858
0 0.0125 0.86875 0.025 0.05 0.207885
0 0.565625 0.809375 0.04375 0.04375 0.20832
0 0.86875 0.3 0.025 0.0625 0.208493
0 0.0875 0.446875 0.0375 0.06875 0.211258
0 0.88125 0.13125 0.025 0.0375 0.214977
0 0.41875 0.890625 0.025 0.04375 0.215428
0 0.828125 0.071875 0.03125 0.10625 0.215565
0 0.45 0.565625 0.0375 0.06875 0.215876
0 0.240625 0.459375 0.03125 0.09375 0.221824
0 0.9875 0.5875 0.025 0.0875 0.222825
0 0.984375 0.03125 0.03125 0.0625 0.22312
0 0.440625 0.0125 0.04375 0.025 0.22353
0 0.03125 0.6375 0.0625 0.0375 0.228944
0 0.909375 0.046875 0.03125 0.04375 0.229643
0 0.159375 0.76875 0.04375 0.0875 0.231094
0 0.878125 0.44375 0.09375 0.0375 0.232184
0 0.69375 0.35625 0.075 0.0625 0.233141
0 0.890625 0.0125 0.03125 0.025 0.236442
0 0.284375 0.471875 0.05625 0.08125 0.236631
0 0.94375 0.125 0.0375 0.0375 0.244777
0 0.078125 0.971875 0.04375 0.05625 0.247713
0 0.69375 0.240625 0.025 0.04375 0.247865
0 0.621875 0.125 0.06875 0.075 0.248652
0 0.590625 0.534375 0.03125 0.05625 0.25396
0 0.371875 0.940625 0.03125 0.04375 0.255403
0 0.8 0.325 0.1 0.0375 0.257184
0 0.01875 0.971875 0.0375 0.04375 0.260359
0 0.975 0.2875 0.05 0.0625 0.260481
0 0.809375 0.225 0.03125 0.075 0.264299
0 0.909375 0.328125 0.03125 0.03125 0.269012
0 0.840625 0.15625 0.03125 0.05 0.271712
0 0.94375 0.021875 0.0375 0.04375 0.278996
0 0.015625 0.78125 0.03125 0.1125 0.289847
0 0.55625 0.75 0.025 0.075 0.290406
0 0.709375 0.94375 0.03125 0.0625 0.297817
0 0.984375 0.86875 0.03125 0.0875 0.298826
0 0.9875 0.159375 0.025 0.08125 0.302682
0 0.79375 0.59375 0.0375 0.0625 0.308354
0 0.759375 0.434375 0.10625 0.05625 0.308683
0 0.934375 0.278125 0.03125 0.05625 0.314219
0 0.778125 0.059375 0.03125 0.11875 0.331797
0 0.1 0.734375 0.075 0.08125 0.333365
0 0.25 0.859375 0.0625 0.09375 0.334018
0 0.184375 0.615625 0.03125 0.04375 0.334496
0 0.740625 0.175 0.03125 0.0375 0.339462
0 0.44375 0.5 0.025 0.0375 0.34005
0 0.640625 0.73125 0.03125 0.0625 0.344845
0 0.9375 0.878125 0.025 0.06875 0.348751
0 0.8625 0.784375 0.025 0.05625 0.368685
0 0.809375 0.84375 0.03125 0.05 0.369873
0 0.5125 0.953125 0.025 0.05625 0.382154
0 0.9875 0.375 0.025 0.0625 0.385825
0 0.39375 0.5625 0.025 0.05 0.404643
0 0.765625 0.940625 0.03125 0.06875 0.405718
0 0.7625 0.553125 0.025 0.09375 0.422164
0 0.54375 0.446875 0.025 0.05625 0.436561
0 0.525 0.5375 0.075 0.0625 0.43688
0 0.703125 0.65 0.06875 0.075 0.479279
0 0.68125 0.771875 0.025 0.08125 0.480157
0 0.815625 0.675 0.03125 0.1 0.480754
0 0.1875 0.484375 0.05 0.15625 0.48132
